1232312312
1234413432431232312312
1234413432431232312312
1234413432431232312312
1234413432431232312312
1234413432431232312312
1234413432431232312312
1234413432431232312312
1234413432431232312312
1234413432431232312312
1234413432431232312312
1234413432431232312312
1234413432431232312312
1234413432431232312312
1234413432431232312312
1234413432431232312312
1234413432431232312312
1234413432431232312312
1234413432431232312312
1234413432431232312312
1234413432431232312312
1234413432431232312312
1234413432431232312312
1234413432431232312312
1234413432431232312312
1234413432431232312312
1234413432431232312312
1234413432431232312312
1234413432431232312312
1234413432431232312312
1234413432431232312312
1234413432431232312312
1234413432431232312312
1234413432431232312312
1234413432431232312312
1234413432431232312312
1234413432431232312312
1234413432431232312312
1234413432431232312312
1234413432431232312312
1234413432431232312312
1234413432431232312312
1234413432431232312312
1234413432431232312312
1234413432431232312312
1234413432431232312312
1234413432431232312312
1234413432431232312312
1234413432431232312312
1234413432431232312312
1234413432431232312312
1234413432431232312312
1234413432431232312312
1234413432431232312312
1234413432431232312312
1234413432431232312312
1234413432431232312312
1234413432431232312312
1234413432431232312312
1234413432431232312312
1234413432431232312312
1234413432431232312312
1234413432431232312312
1234413432431232312312
1234413432431232312312
1234413432431232312312
1234413432431232312312
1234413432431232312312
1234413432431232312312
1234413432431232312312
1234413432431232312312
1234413432431232312312
1234413432431232312312
1234413432431232312312
1234413432431232312312
1234413432431232312312
1234413432431232312312
1234413432431232312312
1234413432431232312312
1234413432431232312312
1234413432431232312312
1234413432431232312312
1234413432431232312312
1234413432431232312312
1234413432431232312312
1234413432431232312312
1234413432431232312312
1234413432431232312312
1234413432431232312312
1234413432431232312312
1234413432431232312312
1234413432431232312312
1234413432431232312312
1234413432431232312312
1234413432431232312312
1234413432431232312312
1234413432431232312312
1234413432431232312312
1234413432431232312312
1234413432431232312312
1234413432431232312312
1234413432431232312312
1234413432431232312312
1234413432431232312312
1234413432431232312312
1234413432431232312312
1234413432431232312312
1234413432431232312312
1234413432431232312312
1234413432431232312312
1234413432431232312312
1234413432431232312312
1234413432431232312312
1234413432431232312312
1234413432431232312312
1234413432431232312312
1234413432431232312312
1234413432431232312312
1234413432431232312312
1234413432431232312312
1234413432431232312312
1234413432431232312312
1234413432431232312312
123441343243
